Athlete,Sex,CompType,TheDate,FinPosn,EvPoints,CumPoints
Agathe CALLIET,Female,Boulder,2025-04-20,17,205,205
Agathe CALLIET,Female,Boulder,2025-05-18,14,260,465
Agathe CALLIET,Female,Boulder,2025-05-25,12,300,765
Agathe CALLIET,Female,Boulder,2025-06-08,2,805,1570
Agathe CALLIET,Female,Boulder,2025-06-15,14,260,1830
Agathe CALLIET,Female,Boulder,2025-06-29,11,325,2155
Alberto GINÉS LÓPEZ,Male,Lead,2025-04-27,3,690,690
Alberto GINÉS LÓPEZ,Male,Lead,2025-05-04,3,690,1380
Alberto GINÉS LÓPEZ,Male,Lead,2025-06-29,3,690,2070
Alberto GINÉS LÓPEZ,Male,Lead,2025-07-13,2,805,2875
Alberto GINÉS LÓPEZ,Male,Lead,2025-07-19,2,805,3680
Alberto GINÉS LÓPEZ,Male,Lead,2025-09-06,2,805,4485
Aleksandra MIROSLAW,Female,Speed,2025-04-27,6,495,495
Aleksandra MIROSLAW,Female,Speed,2025-05-04,1,1000,1495
Aleksandra MIROSLAW,Female,Speed,2025-07-06,3,690,2185
Aleksandra MIROSLAW,Female,Speed,2025-07-13,1,1000,3185
Amir MAIMURATOV,Male,Speed,2025-04-27,8,415,415
Amir MAIMURATOV,Male,Speed,2025-05-04,11,325,740
Amir MAIMURATOV,Male,Speed,2025-06-01,6,495,1235
Amir MAIMURATOV,Male,Speed,2025-07-06,5,545,1780
Amir MAIMURATOV,Male,Speed,2025-07-13,6,495,2275
Amir MAIMURATOV,Male,Speed,2025-09-13,10,350,2625
Annie SANDERS,Female,Boulder,2025-04-20,1,1000,1000
Annie SANDERS,Female,Boulder,2025-05-25,3,690,1690
Annie SANDERS,Female,Boulder,2025-06-08,12,300,1990
Annie SANDERS,Female,Boulder,2025-06-15,2,805,2795
Annie SANDERS,Female,Boulder,2025-06-29,6,495,3290
Annie SANDERS,Female,Lead,2025-04-27,3,690,690
Annie SANDERS,Female,Lead,2025-06-29,5,545,1235
Annie SANDERS,Female,Lead,2025-07-13,2,805,2040
Annie SANDERS,Female,Lead,2025-07-19,1,1000,3040
Anon MATSUFUJI,Female,Boulder,2025-04-20,11,325,325
Anon MATSUFUJI,Female,Boulder,2025-05-18,7,455,780
Anon MATSUFUJI,Female,Boulder,2025-05-25,14,260,1040
Anon MATSUFUJI,Female,Boulder,2025-06-08,5,545,1585
Anon MATSUFUJI,Female,Boulder,2025-06-15,6,495,2080
Anon MATSUFUJI,Female,Boulder,2025-06-29,3,690,2770
Anze PEHARC,Male,Boulder,2025-04-20,16,220,220
Anze PEHARC,Male,Boulder,2025-05-18,6,495,715
Anze PEHARC,Male,Boulder,2025-05-25,18,185,900
Anze PEHARC,Male,Boulder,2025-06-08,8,415,1315
Anze PEHARC,Male,Boulder,2025-06-15,15,240,1555
Anze PEHARC,Male,Boulder,2025-06-29,9,380,1935
Camilla MORONI,Female,Boulder,2025-04-20,27,73,73
Camilla MORONI,Female,Boulder,2025-05-18,3,690,763
Camilla MORONI,Female,Boulder,2025-05-25,11,325,1088
Camilla MORONI,Female,Boulder,2025-06-08,16,220,1308
Camilla MORONI,Female,Boulder,2025-06-15,12,300,1608
Camilla MORONI,Female,Boulder,2025-06-29,4,610,2218
Chaehyun SEO,Female,Lead,2025-04-27,1,1000,1000
Chaehyun SEO,Female,Lead,2025-05-04,2,805,1805
Chaehyun SEO,Female,Lead,2025-06-29,6,495,2300
Chaehyun SEO,Female,Lead,2025-07-13,1,1000,3300
Chaehyun SEO,Female,Lead,2025-07-19,7,455,3755
Chaehyun SEO,Female,Lead,2025-09-06,2,805,4560
Chaeyeong KIM,Female,Lead,2025-04-27,16,220,220
Chaeyeong KIM,Female,Lead,2025-05-04,12,300,520
Chaeyeong KIM,Female,Lead,2025-06-29,10,350,870
Chaeyeong KIM,Female,Lead,2025-07-13,11,325,1195
Chaeyeong KIM,Female,Lead,2025-07-19,20,155,1350
Chaeyeong KIM,Female,Lead,2025-09-06,9,380,1730
Desak MADE RITA KUSUMA DEWI,Female,Speed,2025-04-27,5,545,545
Desak MADE RITA KUSUMA DEWI,Female,Speed,2025-05-04,5,545,1090
Desak MADE RITA KUSUMA DEWI,Female,Speed,2025-07-06,1,1000,2090
Desak MADE RITA KUSUMA DEWI,Female,Speed,2025-07-13,2,805,2895
Desak MADE RITA KUSUMA DEWI,Female,Speed,2025-09-13,6,495,3390
Dohyun LEE,Male,Boulder,2025-04-20,2,805,805
Dohyun LEE,Male,Boulder,2025-05-25,3,690,1495
Dohyun LEE,Male,Boulder,2025-06-08,7,455,1950
Dohyun LEE,Male,Boulder,2025-06-15,4,610,2560
Dohyun LEE,Male,Boulder,2025-06-29,5,545,3105
Dohyun LEE,Male,Lead,2025-04-27,16,220,220
Dohyun LEE,Male,Lead,2025-05-04,5,545,765
Dohyun LEE,Male,Lead,2025-06-29,7,455,1220
Dohyun LEE,Male,Lead,2025-07-13,9,380,1600
Dohyun LEE,Male,Lead,2025-07-19,1,1000,2600
Dohyun LEE,Male,Lead,2025-09-06,10,350,2950
Emma HUNT,Female,Speed,2025-04-27,4,610,610
Emma HUNT,Female,Speed,2025-06-01,1,1000,1610
Emma HUNT,Female,Speed,2025-07-06,2,805,2415
Emma HUNT,Female,Speed,2025-07-13,3,690,3105
Emma HUNT,Female,Speed,2025-09-13,3,690,3795
Erin MCNEICE,Female,Boulder,2025-04-20,3,690,690
Erin MCNEICE,Female,Boulder,2025-06-08,4,610,1300
Erin MCNEICE,Female,Boulder,2025-06-15,1,1000,2300
Erin MCNEICE,Female,Boulder,2025-06-29,16,220,2520
Erin MCNEICE,Female,Lead,2025-04-27,1,1000,1000
Erin MCNEICE,Female,Lead,2025-05-04,1,1000,2000
Erin MCNEICE,Female,Lead,2025-06-29,3,690,2690
Erin MCNEICE,Female,Lead,2025-07-13,3,690,3380
Erin MCNEICE,Female,Lead,2025-07-19,4,610,3990
Erin MCNEICE,Female,Lead,2025-09-06,4,610,4600
Filip SCHENK,Male,Lead,2025-04-27,7,455,455
Filip SCHENK,Male,Lead,2025-05-04,9,380,835
Filip SCHENK,Male,Lead,2025-06-29,25,95,930
Filip SCHENK,Male,Lead,2025-07-13,3,690,1620
Filip SCHENK,Male,Lead,2025-07-19,12,300,1920
Filip SCHENK,Male,Lead,2025-09-06,11,325,2245
Hannes VAN DUYSEN,Male,Boulder,2025-04-20,24,105,105
Hannes VAN DUYSEN,Male,Boulder,2025-05-18,15,240,345
Hannes VAN DUYSEN,Male,Boulder,2025-05-25,13,280,625
Hannes VAN DUYSEN,Male,Boulder,2025-06-08,6,495,1120
Hannes VAN DUYSEN,Male,Boulder,2025-06-15,5,545,1665
Hannes VAN DUYSEN,Male,Boulder,2025-06-29,3,690,2355
Heloïse DOUMONT,Female,Lead,2025-04-27,15,240,240
Heloïse DOUMONT,Female,Lead,2025-05-04,10,350,590
Heloïse DOUMONT,Female,Lead,2025-06-29,7,455,1045
Heloïse DOUMONT,Female,Lead,2025-07-13,24,105,1150
Heloïse DOUMONT,Female,Lead,2025-07-19,8,415,1565
Heloïse DOUMONT,Female,Lead,2025-09-06,6,495,2060
Janja GARNBRET,Female,Lead,2025-06-29,1,1000,1000
Janja GARNBRET,Female,Lead,2025-09-06,1,1000,2000
Jianguo LONG,Male,Speed,2025-04-27,1,1000,1000
Jianguo LONG,Male,Speed,2025-05-04,5,545,1545
Jianguo LONG,Male,Speed,2025-06-01,9,380,1925
Jianguo LONG,Male,Speed,2025-07-06,10,350,2275
Jianguo LONG,Male,Speed,2025-07-13,5,545,2820
Jianguo LONG,Male,Speed,2025-09-13,6,495,3315
Jimin JEONG,Female,Speed,2025-04-27,2,805,805
Jimin JEONG,Female,Speed,2025-05-04,4,610,1415
Jimin JEONG,Female,Speed,2025-07-06,6,495,1910
Jimin JEONG,Female,Speed,2025-07-13,7,455,2365
Jimin JEONG,Female,Speed,2025-09-13,2,805,3170
Kiromal KATIBIN,Male,Speed,2025-04-27,3,690,690
Kiromal KATIBIN,Male,Speed,2025-05-04,3,690,1380
Kiromal KATIBIN,Male,Speed,2025-06-01,1,1000,2380
Kiromal KATIBIN,Male,Speed,2025-07-06,2,805,3185
Kiromal KATIBIN,Male,Speed,2025-07-13,9,380,3565
Kiromal KATIBIN,Male,Speed,2025-09-13,9,380,3945
Laura ROGORA,Female,Lead,2025-04-27,4,610,610
Laura ROGORA,Female,Lead,2025-05-04,4,610,1220
Laura ROGORA,Female,Lead,2025-06-29,2,805,2025
Laura ROGORA,Female,Lead,2025-07-13,9,380,2405
Laura ROGORA,Female,Lead,2025-07-19,2,805,3210
Laura ROGORA,Female,Lead,2025-09-06,3,690,3900
Leander CARMANNS,Male,Speed,2025-06-01,5,545,545
Leander CARMANNS,Male,Speed,2025-07-06,6,495,1040
Leander CARMANNS,Male,Speed,2025-07-13,14,260,1300
Leander CARMANNS,Male,Speed,2025-09-13,3,690,1990
Lijuan DENG,Female,Speed,2025-04-27,3,690,690
Lijuan DENG,Female,Speed,2025-05-04,6,495,1185
Lijuan DENG,Female,Speed,2025-06-01,3,690,1875
Lijuan DENG,Female,Speed,2025-07-06,16,220,2095
Manon HILY,Female,Lead,2025-06-29,12,300,300
Manon HILY,Female,Lead,2025-07-13,12,300,600
Manon HILY,Female,Lead,2025-07-19,5,545,1145
Manon HILY,Female,Lead,2025-09-06,10,350,1495
Mao NAKAMURA,Female,Boulder,2025-04-20,4,610,610
Mao NAKAMURA,Female,Boulder,2025-05-18,4,610,1220
Mao NAKAMURA,Female,Boulder,2025-05-25,1,1000,2220
Mao NAKAMURA,Female,Boulder,2025-06-08,19,170,2390
Mao NAKAMURA,Female,Boulder,2025-06-15,5,545,2935
Mao NAKAMURA,Female,Boulder,2025-06-29,5,545,3480
Max BERTONE,Male,Lead,2025-04-27,18,185,185
Max BERTONE,Male,Lead,2025-05-04,2,805,990
Max BERTONE,Male,Lead,2025-06-29,6,495,1485
Max BERTONE,Male,Lead,2025-07-13,19,170,1655
Max BERTONE,Male,Lead,2025-07-19,14,260,1915
Max BERTONE,Male,Lead,2025-09-06,13,280,2195
Meichi NARASAKI,Male,Boulder,2025-04-20,3,690,690
Meichi NARASAKI,Male,Boulder,2025-05-18,9,380,1070
Meichi NARASAKI,Male,Boulder,2025-05-25,5,545,1615
Meichi NARASAKI,Male,Boulder,2025-06-29,14,260,1875
Mejdi SCHALCK,Male,Boulder,2025-04-20,5,545,545
Mejdi SCHALCK,Male,Boulder,2025-05-18,2,805,1350
Mejdi SCHALCK,Male,Boulder,2025-05-25,6,495,1845
Mejdi SCHALCK,Male,Boulder,2025-06-08,1,1000,2845
Mejdi SCHALCK,Male,Boulder,2025-06-15,2,805,3650
Mejdi SCHALCK,Male,Boulder,2025-06-29,6,495,4145
Melody SEKIKAWA,Female,Boulder,2025-04-20,6,495,495
Melody SEKIKAWA,Female,Boulder,2025-05-18,5,545,1040
Melody SEKIKAWA,Female,Boulder,2025-05-25,13,280,1320
Melody SEKIKAWA,Female,Boulder,2025-06-08,3,690,2010
Melody SEKIKAWA,Female,Boulder,2025-06-15,8,415,2425
Melody SEKIKAWA,Female,Boulder,2025-06-29,7,455,2880
Mia KRAMPL,Female,Lead,2025-04-27,9,380,380
Mia KRAMPL,Female,Lead,2025-05-04,7,455,835
Mia KRAMPL,Female,Lead,2025-06-29,23,120,955
Mia KRAMPL,Female,Lead,2025-07-13,30,48,1003
Mia KRAMPL,Female,Lead,2025-07-19,9,380,1383
Mia KRAMPL,Female,Lead,2025-09-06,20,155,1538
Miho NONAKA,Female,Boulder,2025-04-20,5,545,545
Miho NONAKA,Female,Boulder,2025-05-25,6,495,1040
Miho NONAKA,Female,Boulder,2025-06-08,9,380,1420
Miho NONAKA,Female,Boulder,2025-06-15,3,690,2110
Miho NONAKA,Female,Boulder,2025-06-29,13,280,2390
Natalia KALUCKA,Female,Speed,2025-04-27,7,455,455
Natalia KALUCKA,Female,Speed,2025-05-04,9,380,835
Natalia KALUCKA,Female,Speed,2025-06-01,2,805,1640
Natalia KALUCKA,Female,Speed,2025-07-06,4,610,2250
Natalia KALUCKA,Female,Speed,2025-07-13,6,495,2745
Neo SUZUKI,Male,Lead,2025-04-27,2,805,805
Neo SUZUKI,Male,Lead,2025-05-04,6,495,1300
Neo SUZUKI,Male,Lead,2025-06-29,1,1000,2300
Neo SUZUKI,Male,Lead,2025-07-13,21,145,2445
Neo SUZUKI,Male,Lead,2025-07-19,7,455,2900
Neo SUZUKI,Male,Lead,2025-09-06,8,415,3315
Oriane BERTONE,Female,Boulder,2025-04-20,2,805,805
Oriane BERTONE,Female,Boulder,2025-05-18,2,805,1610
Oriane BERTONE,Female,Boulder,2025-05-25,4,610,2220
Oriane BERTONE,Female,Boulder,2025-06-08,1,1000,3220
Oriane BERTONE,Female,Boulder,2025-06-15,10,350,3570
Oriane BERTONE,Female,Boulder,2025-06-29,2,805,4375
Paul JENFT,Male,Boulder,2025-04-20,7,455,455
Paul JENFT,Male,Boulder,2025-05-18,7,455,910
Paul JENFT,Male,Boulder,2025-05-25,14,260,1170
Paul JENFT,Male,Boulder,2025-06-15,6,495,1665
Paul JENFT,Male,Boulder,2025-06-29,12,300,1965
Raharjati NURSAMSA,Male,Speed,2025-05-04,4,610,610
Raharjati NURSAMSA,Male,Speed,2025-07-06,1,1000,1610
Raharjati NURSAMSA,Male,Speed,2025-07-13,10,350,1960
Raharjati NURSAMSA,Male,Speed,2025-09-13,5,545,2505
Rosa REKAR,Female,Lead,2025-04-27,11,325,325
Rosa REKAR,Female,Lead,2025-05-04,8,415,740
Rosa REKAR,Female,Lead,2025-06-29,4,610,1350
Rosa REKAR,Female,Lead,2025-07-13,16,220,1570
Rosa REKAR,Female,Lead,2025-07-19,6,495,2065
Rosa REKAR,Female,Lead,2025-09-06,7,455,2520
Ryo OMASA,Male,Speed,2025-04-27,15,240,240
Ryo OMASA,Male,Speed,2025-05-04,2,805,1045
Ryo OMASA,Male,Speed,2025-06-01,8,415,1460
Ryo OMASA,Male,Speed,2025-07-06,3,690,2150
Ryo OMASA,Male,Speed,2025-07-13,7,455,2605
Ryo OMASA,Male,Speed,2025-09-13,2,805,3410
Samuel WATSON,Male,Speed,2025-04-27,4,610,610
Samuel WATSON,Male,Speed,2025-05-04,1,1000,1610
Samuel WATSON,Male,Speed,2025-06-01,3,690,2300
Samuel WATSON,Male,Speed,2025-07-06,62,4,2304
Samuel WATSON,Male,Speed,2025-07-13,1,1000,3304
Samuel WATSON,Male,Speed,2025-09-13,11,325,3629
Satone YOSHIDA,Male,Lead,2025-04-27,4,610,610
Satone YOSHIDA,Male,Lead,2025-05-04,1,1000,1610
Satone YOSHIDA,Male,Lead,2025-06-29,4,610,2220
Satone YOSHIDA,Male,Lead,2025-07-13,4,610,2830
Satone YOSHIDA,Male,Lead,2025-07-19,3,690,3520
Satone YOSHIDA,Male,Lead,2025-09-06,4,610,4130
Shaoqin ZHANG,Female,Speed,2025-04-27,1,1000,1000
Shaoqin ZHANG,Female,Speed,2025-05-04,40,15,1015
Shaoqin ZHANG,Female,Speed,2025-06-01,6,495,1510
Shaoqin ZHANG,Female,Speed,2025-07-06,13,280,1790
Shaoqin ZHANG,Female,Speed,2025-07-13,16,220,2010
Shaoqin ZHANG,Female,Speed,2025-09-13,7,455,2465
Shion OMATA,Male,Lead,2025-04-27,14,260,260
Shion OMATA,Male,Lead,2025-05-04,7,455,715
Shion OMATA,Male,Lead,2025-06-29,29,56,771
Shion OMATA,Male,Lead,2025-07-13,8,415,1186
Shion OMATA,Male,Lead,2025-07-19,6,495,1681
Shion OMATA,Male,Lead,2025-09-06,18,185,1866
Shixue MENG,Female,Speed,2025-04-27,8,415,415
Shixue MENG,Female,Speed,2025-06-01,7,455,870
Shixue MENG,Female,Speed,2025-07-06,32,37,907
Shixue MENG,Female,Speed,2025-07-13,25,95,1002
Shixue MENG,Female,Speed,2025-09-13,1,1000,2002
Shouhong CHU,Male,Speed,2025-04-27,5,545,545
Shouhong CHU,Male,Speed,2025-05-04,6,495,1040
Shouhong CHU,Male,Speed,2025-06-01,4,610,1650
Shouhong CHU,Male,Speed,2025-07-06,16,220,1870
Shouhong CHU,Male,Speed,2025-07-13,15,240,2110
Shouhong CHU,Male,Speed,2025-09-13,1,1000,3110
Sohta AMAGASA,Male,Boulder,2025-04-20,9,380,380
Sohta AMAGASA,Male,Boulder,2025-05-18,4,610,990
Sohta AMAGASA,Male,Boulder,2025-05-25,2,805,1795
Sohta AMAGASA,Male,Boulder,2025-06-08,4,610,2405
Sohta AMAGASA,Male,Boulder,2025-06-15,9,380,2785
Sohta AMAGASA,Male,Boulder,2025-06-29,7,455,3240
Sorato ANRAKU,Male,Boulder,2025-04-20,1,1000,1000
Sorato ANRAKU,Male,Boulder,2025-05-18,1,1000,2000
Sorato ANRAKU,Male,Boulder,2025-05-25,1,1000,3000
Sorato ANRAKU,Male,Boulder,2025-06-08,2,805,3805
Sorato ANRAKU,Male,Boulder,2025-06-15,3,690,4495
Sorato ANRAKU,Male,Boulder,2025-06-29,2,805,5300
Sorato ANRAKU,Male,Lead,2025-04-27,1,1000,1000
Sorato ANRAKU,Male,Lead,2025-05-04,16,220,1220
Sorato ANRAKU,Male,Lead,2025-06-29,9,380,1600
Sorato ANRAKU,Male,Lead,2025-07-13,1,1000,2600
Sorato ANRAKU,Male,Lead,2025-07-19,5,545,3145
Sorato ANRAKU,Male,Lead,2025-09-06,1,1000,4145
Toby ROBERTS,Male,Lead,2025-04-27,15,240,240
Toby ROBERTS,Male,Lead,2025-06-29,2,805,1045
Toby ROBERTS,Male,Lead,2025-07-13,20,155,1200
Toby ROBERTS,Male,Lead,2025-07-19,10,350,1550
Toby ROBERTS,Male,Lead,2025-09-06,3,690,2240
Tomoa NARASAKI,Male,Boulder,2025-04-20,4,610,610
Tomoa NARASAKI,Male,Boulder,2025-05-18,3,690,1300
Tomoa NARASAKI,Male,Boulder,2025-05-25,10,350,1650
Tomoa NARASAKI,Male,Boulder,2025-06-08,41,14,1664
Tomoa NARASAKI,Male,Boulder,2025-06-15,12,300,1964
Yafei ZHOU,Female,Speed,2025-04-27,9,380,380
Yafei ZHOU,Female,Speed,2025-05-04,2,805,1185
Yafei ZHOU,Female,Speed,2025-06-01,4,610,1795
Yafei ZHOU,Female,Speed,2025-07-06,5,545,2340
Yafei ZHOU,Female,Speed,2025-07-13,5,545,2885
Yafei ZHOU,Female,Speed,2025-09-13,4,610,3495
Yannick FLOHÉ,Male,Lead,2025-04-27,8,415,415
Yannick FLOHÉ,Male,Lead,2025-05-04,4,610,1025
Yannick FLOHÉ,Male,Lead,2025-06-29,5,545,1570
Yannick FLOHÉ,Male,Lead,2025-07-13,10,350,1920
Yannick FLOHÉ,Male,Lead,2025-07-19,18,185,2105
Yannick FLOHÉ,Male,Lead,2025-09-06,9,380,2485
Yaroslav TKACH,Male,Speed,2025-04-27,7,455,455
Yaroslav TKACH,Male,Speed,2025-05-04,10,350,805
Yaroslav TKACH,Male,Speed,2025-06-01,21,145,950
Yaroslav TKACH,Male,Speed,2025-07-06,19,170,1120
Yaroslav TKACH,Male,Speed,2025-07-13,19,170,1290
Yaroslav TKACH,Male,Speed,2025-09-13,4,610,1900
Yufei PAN,Male,Boulder,2025-04-20,36,24,24
Yufei PAN,Male,Boulder,2025-06-08,5,545,569
Yufei PAN,Male,Boulder,2025-06-15,1,1000,1569
Yufei PAN,Male,Boulder,2025-06-29,17,205,1774
Yumei QIN,Female,Speed,2025-04-27,10,350,350
Yumei QIN,Female,Speed,2025-06-01,5,545,895
Yumei QIN,Female,Speed,2025-07-06,8,415,1310
Yumei QIN,Female,Speed,2025-07-13,4,610,1920
Yumei QIN,Female,Speed,2025-09-13,10,350,2270
Zach HAMMER,Male,Speed,2025-04-27,9,380,380
Zach HAMMER,Male,Speed,2025-05-04,55,6,386
Zach HAMMER,Male,Speed,2025-06-01,2,805,1191
Zach HAMMER,Male,Speed,2025-07-06,4,610,1801
Zach HAMMER,Male,Speed,2025-07-13,3,690,2491
Zach HAMMER,Male,Speed,2025-09-13,7,455,2946
Zélia AVEZOU,Female,Boulder,2025-05-18,15,240,240
Zélia AVEZOU,Female,Boulder,2025-05-25,2,805,1045
Zélia AVEZOU,Female,Boulder,2025-06-15,4,610,1655
Zélia AVEZOU,Female,Boulder,2025-06-29,9,380,2035
